2
83
83
6
98
46
7
65
4
23
5
34
42
92
98
65
12
90
100
18
80
95
48
98
45
1
1
19
9
72
38
16
76
88
65
72
59
43
37
21
99
13
65
12
24
74
22
72
65
11
41
45
11
21
12
47
50
22
90
19
17
33
10
30
32
35
49
62
70
73
94
42
56
74
26
86
27
25
69
38
36
46
30
74
25
19
15
16
54
69
76
93
34
34
26
8
3
13
43
37
12
34
55
52
44
54
72
93
39
46
21
67
76
43
76
11
51
88
72
58
9
36
26
13
31
65
19
96
39
39
54
31
86
1
31
1
98
19
85
16
33
49
4
58
73
21
4
86
61
97
59
2
43
55
38
2
56
50
86
53
61
1
11
81
5
37
30
93
91
22
5
86
18
78
28
15
81
21
65
50
30
55
98
76
96
77
75
23
55
39
39
60
3
55
36
69
6
6
31
60